42 59 0 0 0 0 0 0 0 0 0 0 0 0 0 0 0 0 1999 
170 187 0 0 0 0 0 0 0 0 0 0 0 0 0 0 0 0 999 
42 60 0 0 0 0 0 0 0 0 0 0 0 0 0 0 0 0 1999 
170 188 0 0 0 0 0 0 0 0 0 0 0 0 0 0 0 0 999 
42 61 0 0 0 0 0 0 0 0 0 0 0 0 0 0 0 0 1999 
170 189 0 0 0 0 0 0 0 0 0 0 0 0 0 0 0 0 999 
42 62 0 0 0 0 0 0 0 0 0 0 0 0 0 0 0 0 1999 
170 190 0 0 0 0 0 0 0 0 0 0 0 0 0 0 0 0 999 
42 63 0 0 0 0 0 0 0 0 0 0 0 0 0 0 0 0 1999 
170 191 0 0 0 0 0 0 0 0 0 0 0 0 0 0 0 0 999 
42 64 0 0 0 0 0 0 0 0 0 0 0 0 0 0 0 0 1999 
170 192 0 0 0 0 0 0 0 0 0 0 0 0 0 0 0 0 999 
42 65 0 0 0 0 0 0 0 0 0 0 0 0 0 0 0 0 1999 
170 193 0 0 0 0 0 0 0 0 0 0 0 0 0 0 0 0 999 
42 66 0 0 0 0 0 0 0 0 0 0 0 0 0 0 0 0 1999 
170 194 0 0 0 0 0 0 0 0 0 0 0 0 0 0 0 0 999 
42 67 0 0 0 0 0 0 0 0 0 0 0 0 0 0 0 0 1999 
170 195 0 0 0 0 0 0 0 0 0 0 0 0 0 0 0 0 999 
42 68 0 0 0 0 0 0 0 0 0 0 0 0 0 0 0 0 1999 
170 196 0 0 0 0 0 0 0 0 0 0 0 0 0 0 0 0 999 
42 87 0 0 0 0 0 0 0 0 0 0 0 0 0 0 0 0 1999 
170 215 0 0 0 0 0 0 0 0 0 0 0 0 0 0 0 0 999 
42 88 0 0 0 0 0 0 0 0 0 0 0 0 0 0 0 0 1999 
170 216 0 0 0 0 0 0 0 0 0 0 0 0 0 0 0 0 999 
