0 129 183 0 0 0 0 0 0 0 0 0 0 0 0 0 0 0 1999 
128 129 183 0 0 0 0 0 0 0 0 0 0 0 0 0 0 0 999 
0 129 184 0 0 0 0 0 0 0 0 0 0 0 0 0 0 0 1999 
128 129 184 0 0 0 0 0 0 0 0 0 0 0 0 0 0 0 999 
0 129 185 0 0 0 0 0 0 0 0 0 0 0 0 0 0 0 1999 
128 129 185 0 0 0 0 0 0 0 0 0 0 0 0 0 0 0 999 
0 129 186 0 0 0 0 0 0 0 0 0 0 0 0 0 0 0 1999 
128 129 186 0 0 0 0 0 0 0 0 0 0 0 0 0 0 0 999 
0 129 187 0 0 0 0 0 0 0 0 0 0 0 0 0 0 0 1999 
128 129 187 0 0 0 0 0 0 0 0 0 0 0 0 0 0 0 999 
0 129 188 0 0 0 0 0 0 0 0 0 0 0 0 0 0 0 1999 
128 129 188 0 0 0 0 0 0 0 0 0 0 0 0 0 0 0 999 
0 129 189 0 0 0 0 0 0 0 0 0 0 0 0 0 0 0 1999 
128 129 189 0 0 0 0 0 0 0 0 0 0 0 0 0 0 0 999 
0 129 190 0 0 0 0 0 0 0 0 0 0 0 0 0 0 0 1999 
128 129 190 0 0 0 0 0 0 0 0 0 0 0 0 0 0 0 999 
0 129 191 0 0 0 0 0 0 0 0 0 0 0 0 0 0 0 1999 
128 129 191 0 0 0 0 0 0 0 0 0 0 0 0 0 0 0 999 
0 129 192 0 0 0 0 0 0 0 0 0 0 0 0 0 0 0 1999 
128 129 192 0 0 0 0 0 0 0 0 0 0 0 0 0 0 0 999 
0 129 193 0 0 0 0 0 0 0 0 0 0 0 0 0 0 0 1999 
128 129 193 0 0 0 0 0 0 0 0 0 0 0 0 0 0 0 999 
0 129 194 0 0 0 0 0 0 0 0 0 0 0 0 0 0 0 1999 
128 129 194 0 0 0 0 0 0 0 0 0 0 0 0 0 0 0 999 
88 0 0 0 0 0 0 0 0 0 0 0 0 0 0 0 0 0 1999 
216 0 0 0 0 0 0 0 0 0 0 0 0 0 0 0 0 0 999 
87 0 0 0 0 0 0 0 0 0 0 0 0 0 0 0 0 0 1999 
215 0 0 0 0 0 0 0 0 0 0 0 0 0 0 0 0 0 999 
68 0 0 0 0 0 0 0 0 0 0 0 0 0 0 0 0 0 1999 
196 0 0 0 0 0 0 0 0 0 0 0 0 0 0 0 0 0 999 
67 0 0 0 0 0 0 0 0 0 0 0 0 0 0 0 0 0 1999 
195 0 0 0 0 0 0 0 0 0 0 0 0 0 0 0 0 0 999 
66 0 0 0 0 0 0 0 0 0 0 0 0 0 0 0 0 0 1999 
194 0 0 0 0 0 0 0 0 0 0 0 0 0 0 0 0 0 999 
65 0 0 0 0 0 0 0 0 0 0 0 0 0 0 0 0 0 1999 
193 0 0 0 0 0 0 0 0 0 0 0 0 0 0 0 0 0 999 
64 0 0 0 0 0 0 0 0 0 0 0 0 0 0 0 0 0 1999 
192 0 0 0 0 0 0 0 0 0 0 0 0 0 0 0 0 0 999 
63 0 0 0 0 0 0 0 0 0 0 0 0 0 0 0 0 0 1999 
191 0 0 0 0 0 0 0 0 0 0 0 0 0 0 0 0 0 999 
62 0 0 0 0 0 0 0 0 0 0 0 0 0 0 0 0 0 1999 
190 0 0 0 0 0 0 0 0 0 0 0 0 0 0 0 0 0 999 
61 0 0 0 0 0 0 0 0 0 0 0 0 0 0 0 0 0 1999 
189 0 0 0 0 0 0 0 0 0 0 0 0 0 0 0 0 0 999 
60 0 0 0 0 0 0 0 0 0 0 0 0 0 0 0 0 0 1999 
188 0 0 0 0 0 0 0 0 0 0 0 0 0 0 0 0 0 999 
59 0 0 0 0 0 0 0 0 0 0 0 0 0 0 0 0 0 1999 
187 0 0 0 0 0 0 0 0 0 0 0 0 0 0 0 0 0 999 
1 0 0 0 0 0 0 0 0 0 0 0 0 0 0 0 0 0 1999 
129 0 0 0 0 0 0 0 0 0 0 0 0 0 0 0 0 0 999 
70 0 0 0 0 0 0 0 0 0 0 0 0 0 0 0 0 0 1999 
198 0 0 0 0 0 0 0 0 0 0 0 0 0 0 0 0 0 999 
41 0 0 0 0 0 0 0 0 0 0 0 0 0 0 0 0 0 1999 
169 0 0 0 0 0 0 0 0 0 0 0 0 0 0 0 0 0 999 
2 0 0 0 0 0 0 0 0 0 0 0 0 0 0 0 0 0 1999 
130 0 0 0 0 0 0 0 0 0 0 0 0 0 0 0 0 0 999 
3 0 0 0 0 0 0 0 0 0 0 0 0 0 0 0 0 0 1999 
131 0 0 0 0 0 0 0 0 0 0 0 0 0 0 0 0 0 999 
4 0 0 0 0 0 0 0 0 0 0 0 0 0 0 0 0 0 1999 
132 0 0 0 0 0 0 0 0 0 0 0 0 0 0 0 0 0 999 
5 0 0 0 0 0 0 0 0 0 0 0 0 0 0 0 0 0 1999 
133 0 0 0 0 0 0 0 0 0 0 0 0 0 0 0 0 0 999 
6 0 0 0 0 0 0 0 0 0 0 0 0 0 0 0 0 0 1999 
134 0 0 0 0 0 0 0 0 0 0 0 0 0 0 0 0 0 999 
7 0 0 0 0 0 0 0 0 0 0 0 0 0 0 0 0 0 1999 
135 0 0 0 0 0 0 0 0 0 0 0 0 0 0 0 0 0 999 
8 0 0 0 0 0 0 0 0 0 0 0 0 0 0 0 0 0 1999 
136 0 0 0 0 0 0 0 0 0 0 0 0 0 0 0 0 0 999 
9 0 0 0 0 0 0 0 0 0 0 0 0 0 0 0 0 0 1999 
137 0 0 0 0 0 0 0 0 0 0 0 0 0 0 0 0 0 999 
10 0 0 0 0 0 0 0 0 0 0 0 0 0 0 0 0 0 1999 
138 0 0 0 0 0 0 0 0 0 0 0 0 0 0 0 0 0 999 
11 0 0 0 0 0 0 0 0 0 0 0 0 0 0 0 0 0 1999 
139 0 0 0 0 0 0 0 0 0 0 0 0 0 0 0 0 0 999 
12 0 0 0 0 0 0 0 0 0 0 0 0 0 0 0 0 0 1999 
140 0 0 0 0 0 0 0 0 0 0 0 0 0 0 0 0 0 999 
13 0 0 0 0 0 0 0 0 0 0 0 0 0 0 0 0 0 1999 
141 0 0 0 0 0 0 0 0 0 0 0 0 0 0 0 0 0 999 
14 0 0 0 0 0 0 0 0 0 0 0 0 0 0 0 0 0 1999 
142 0 0 0 0 0 0 0 0 0 0 0 0 0 0 0 0 0 999 
0 129 128 0 0 0 0 0 0 0 0 0 0 0 0 0 0 0 1999 
128 129 128 0 0 0 0 0 0 0 0 0 0 0 0 0 0 0 999 
110 0 0 0 0 0 0 0 0 0 0 0 0 0 0 0 0 0 1999 
238 0 0 0 0 0 0 0 0 0 0 0 0 0 0 0 0 0 999 
104 0 0 0 0 0 0 0 0 0 0 0 0 0 0 0 0 0 1999 
232 0 0 0 0 0 0 0 0 0 0 0 0 0 0 0 0 0 999 
107 0 0 0 0 0 0 0 0 0 0 0 0 0 0 0 0 0 1999 
235 0 0 0 0 0 0 0 0 0 0 0 0 0 0 0 0 0 999 
69 0 0 0 0 0 0 0 0 0 0 0 0 0 0 0 0 0 1999 
197 0 0 0 0 0 0 0 0 0 0 0 0 0 0 0 0 0 999 
98 0 0 0 0 0 0 0 0 0 0 0 0 0 0 0 0 0 1999 
226 0 0 0 0 0 0 0 0 0 0 0 0 0 0 0 0 0 999 
55 0 0 0 0 0 0 0 0 0 0 0 0 0 0 0 0 0 1999 
183 0 0 0 0 0 0 0 0 0 0 0 0 0 0 0 0 0 999 
74 0 0 0 0 0 0 0 0 0 0 0 0 0 0 0 0 0 1999 
202 0 0 0 0 0 0 0 0 0 0 0 0 0 0 0 0 0 999 
73 0 0 0 0 0 0 0 0 0 0 0 0 0 0 0 0 0 1999 
201 0 0 0 0 0 0 0 0 0 0 0 0 0 0 0 0 0 999 
72 0 0 0 0 0 0 0 0 0 0 0 0 0 0 0 0 0 1999 
200 0 0 0 0 0 0 0 0 0 0 0 0 0 0 0 0 0 999 
71 0 0 0 0 0 0 0 0 0 0 0 0 0 0 0 0 0 1999 
199 0 0 0 0 0 0 0 0 0 0 0 0 0 0 0 0 0 999 
109 0 0 0 0 0 0 0 0 0 0 0 0 0 0 0 0 0 1999 
237 0 0 0 0 0 0 0 0 0 0 0 0 0 0 0 0 0 999 
111 0 0 0 0 0 0 0 0 0 0 0 0 0 0 0 0 0 1999 
239 0 0 0 0 0 0 0 0 0 0 0 0 0 0 0 0 0 999 
0 129 129 0 0 0 0 0 0 0 0 0 0 0 0 0 0 0 1999 
128 129 129 0 0 0 0 0 0 0 0 0 0 0 0 0 0 0 999 
27 0 0 0 0 0 0 0 0 0 0 0 0 0 0 0 0 0 1999 
155 0 0 0 0 0 0 0 0 0 0 0 0 0 0 0 0 0 999 
26 0 0 0 0 0 0 0 0 0 0 0 0 0 0 0 0 0 1999 
154 0 0 0 0 0 0 0 0 0 0 0 0 0 0 0 0 0 999 
25 0 0 0 0 0 0 0 0 0 0 0 0 0 0 0 0 0 1999 
153 0 0 0 0 0 0 0 0 0 0 0 0 0 0 0 0 0 999 
24 0 0 0 0 0 0 0 0 0 0 0 0 0 0 0 0 0 1999 
152 0 0 0 0 0 0 0 0 0 0 0 0 0 0 0 0 0 999 
23 0 0 0 0 0 0 0 0 0 0 0 0 0 0 0 0 0 1999 
151 0 0 0 0 0 0 0 0 0 0 0 0 0 0 0 0 0 999 
22 0 0 0 0 0 0 0 0 0 0 0 0 0 0 0 0 0 1999 
150 0 0 0 0 0 0 0 0 0 0 0 0 0 0 0 0 0 999 
21 0 0 0 0 0 0 0 0 0 0 0 0 0 0 0 0 0 1999 
149 0 0 0 0 0 0 0 0 0 0 0 0 0 0 0 0 0 999 
20 0 0 0 0 0 0 0 0 0 0 0 0 0 0 0 0 0 1999 
148 0 0 0 0 0 0 0 0 0 0 0 0 0 0 0 0 0 999 
19 0 0 0 0 0 0 0 0 0 0 0 0 0 0 0 0 0 1999 
147 0 0 0 0 0 0 0 0 0 0 0 0 0 0 0 0 0 999 
18 0 0 0 0 0 0 0 0 0 0 0 0 0 0 0 0 0 1999 
146 0 0 0 0 0 0 0 0 0 0 0 0 0 0 0 0 0 999 
17 0 0 0 0 0 0 0 0 0 0 0 0 0 0 0 0 0 1999 
145 0 0 0 0 0 0 0 0 0 0 0 0 0 0 0 0 0 999 
16 0 0 0 0 0 0 0 0 0 0 0 0 0 0 0 0 0 1999 
144 0 0 0 0 0 0 0 0 0 0 0 0 0 0 0 0 0 999 
15 0 0 0 0 0 0 0 0 0 0 0 0 0 0 0 0 0 1999 
143 0 0 0 0 0 0 0 0 0 0 0 0 0 0 0 0 0 999 
119 0 0 0 0 0 0 0 0 0 0 0 0 0 0 0 0 0 1999 
247 0 0 0 0 0 0 0 0 0 0 0 0 0 0 0 0 0 999 
99 0 0 0 0 0 0 0 0 0 0 0 0 0 0 0 0 0 1999 
227 0 0 0 0 0 0 0 0 0 0 0 0 0 0 0 0 0 999 
0 129 130 0 0 0 0 0 0 0 0 0 0 0 0 0 0 0 1999 
128 129 130 0 0 0 0 0 0 0 0 0 0 0 0 0 0 0 999 
0 129 132 0 0 0 0 0 0 0 0 0 0 0 0 0 0 0 1999 
128 129 132 0 0 0 0 0 0 0 0 0 0 0 0 0 0 0 999 
58 0 0 0 0 0 0 0 0 0 0 0 0 0 0 0 0 0 1999 
186 0 0 0 0 0 0 0 0 0 0 0 0 0 0 0 0 0 999 
30 0 0 0 0 0 0 0 0 0 0 0 0 0 0 0 0 0 1999 
158 0 0 0 0 0 0 0 0 0 0 0 0 0 0 0 0 0 999 
31 0 0 0 0 0 0 0 0 0 0 0 0 0 0 0 0 0 1999 
159 0 0 0 0 0 0 0 0 0 0 0 0 0 0 0 0 0 999 
32 0 0 0 0 0 0 0 0 0 0 0 0 0 0 0 0 0 1999 
160 0 0 0 0 0 0 0 0 0 0 0 0 0 0 0 0 0 999 
33 0 0 0 0 0 0 0 0 0 0 0 0 0 0 0 0 0 1999 
161 0 0 0 0 0 0 0 0 0 0 0 0 0 0 0 0 0 999 
34 0 0 0 0 0 0 0 0 0 0 0 0 0 0 0 0 0 1999 
162 0 0 0 0 0 0 0 0 0 0 0 0 0 0 0 0 0 999 
35 0 0 0 0 0 0 0 0 0 0 0 0 0 0 0 0 0 1999 
163 0 0 0 0 0 0 0 0 0 0 0 0 0 0 0 0 0 999 
36 0 0 0 0 0 0 0 0 0 0 0 0 0 0 0 0 0 1999 
164 0 0 0 0 0 0 0 0 0 0 0 0 0 0 0 0 0 999 
37 0 0 0 0 0 0 0 0 0 0 0 0 0 0 0 0 0 1999 
165 0 0 0 0 0 0 0 0 0 0 0 0 0 0 0 0 0 999 
38 0 0 0 0 0 0 0 0 0 0 0 0 0 0 0 0 0 1999 
166 0 0 0 0 0 0 0 0 0 0 0 0 0 0 0 0 0 999 
39 0 0 0 0 0 0 0 0 0 0 0 0 0 0 0 0 0 1999 
167 0 0 0 0 0 0 0 0 0 0 0 0 0 0 0 0 0 999 
40 0 0 0 0 0 0 0 0 0 0 0 0 0 0 0 0 0 1999 
168 0 0 0 0 0 0 0 0 0 0 0 0 0 0 0 0 0 999 
43 0 0 0 0 0 0 0 0 0 0 0 0 0 0 0 0 0 1999 
171 0 0 0 0 0 0 0 0 0 0 0 0 0 0 0 0 0 999 
28 0 0 0 0 0 0 0 0 0 0 0 0 0 0 0 0 0 1999 
156 0 0 0 0 0 0 0 0 0 0 0 0 0 0 0 0 0 999 
103 0 0 0 0 0 0 0 0 0 0 0 0 0 0 0 0 0 1999 
231 0 0 0 0 0 0 0 0 0 0 0 0 0 0 0 0 0 999 
75 0 0 0 0 0 0 0 0 0 0 0 0 0 0 0 0 0 1999 
203 0 0 0 0 0 0 0 0 0 0 0 0 0 0 0 0 0 999 
76 0 0 0 0 0 0 0 0 0 0 0 0 0 0 0 0 0 1999 
204 0 0 0 0 0 0 0 0 0 0 0 0 0 0 0 0 0 999 
77 0 0 0 0 0 0 0 0 0 0 0 0 0 0 0 0 0 1999 
205 0 0 0 0 0 0 0 0 0 0 0 0 0 0 0 0 0 999 
78 0 0 0 0 0 0 0 0 0 0 0 0 0 0 0 0 0 1999 
206 0 0 0 0 0 0 0 0 0 0 0 0 0 0 0 0 0 999 
96 0 0 0 0 0 0 0 0 0 0 0 0 0 0 0 0 0 1999 
224 0 0 0 0 0 0 0 0 0 0 0 0 0 0 0 0 0 999 
81 0 0 0 0 0 0 0 0 0 0 0 0 0 0 0 0 0 1999 
209 0 0 0 0 0 0 0 0 0 0 0 0 0 0 0 0 0 999 
80 0 0 0 0 0 0 0 0 0 0 0 0 0 0 0 0 0 1999 
208 0 0 0 0 0 0 0 0 0 0 0 0 0 0 0 0 0 999 
79 0 0 0 0 0 0 0 0 0 0 0 0 0 0 0 0 0 1999 
207 0 0 0 0 0 0 0 0 0 0 0 0 0 0 0 0 0 999 
106 0 0 0 0 0 0 0 0 0 0 0 0 0 0 0 0 0 1999 
234 0 0 0 0 0 0 0 0 0 0 0 0 0 0 0 0 0 999 
102 0 0 0 0 0 0 0 0 0 0 0 0 0 0 0 0 0 1999 
230 0 0 0 0 0 0 0 0 0 0 0 0 0 0 0 0 0 999 
105 0 0 0 0 0 0 0 0 0 0 0 0 0 0 0 0 0 1999 
233 0 0 0 0 0 0 0 0 0 0 0 0 0 0 0 0 0 999 
54 0 0 0 0 0 0 0 0 0 0 0 0 0 0 0 0 0 1999 
182 0 0 0 0 0 0 0 0 0 0 0 0 0 0 0 0 0 999 
53 0 0 0 0 0 0 0 0 0 0 0 0 0 0 0 0 0 1999 
181 0 0 0 0 0 0 0 0 0 0 0 0 0 0 0 0 0 999 
52 0 0 0 0 0 0 0 0 0 0 0 0 0 0 0 0 0 1999 
180 0 0 0 0 0 0 0 0 0 0 0 0 0 0 0 0 0 999 
51 0 0 0 0 0 0 0 0 0 0 0 0 0 0 0 0 0 1999 
179 0 0 0 0 0 0 0 0 0 0 0 0 0 0 0 0 0 999 
50 0 0 0 0 0 0 0 0 0 0 0 0 0 0 0 0 0 1999 
178 0 0 0 0 0 0 0 0 0 0 0 0 0 0 0 0 0 999 
49 0 0 0 0 0 0 0 0 0 0 0 0 0 0 0 0 0 1999 
177 0 0 0 0 0 0 0 0 0 0 0 0 0 0 0 0 0 999 
48 0 0 0 0 0 0 0 0 0 0 0 0 0 0 0 0 0 1999 
176 0 0 0 0 0 0 0 0 0 0 0 0 0 0 0 0 0 999 
47 0 0 0 0 0 0 0 0 0 0 0 0 0 0 0 0 0 1999 
175 0 0 0 0 0 0 0 0 0 0 0 0 0 0 0 0 0 999 
46 0 0 0 0 0 0 0 0 0 0 0 0 0 0 0 0 0 1999 
174 0 0 0 0 0 0 0 0 0 0 0 0 0 0 0 0 0 999 
45 0 0 0 0 0 0 0 0 0 0 0 0 0 0 0 0 0 1999 
173 0 0 0 0 0 0 0 0 0 0 0 0 0 0 0 0 0 999 
44 0 0 0 0 0 0 0 0 0 0 0 0 0 0 0 0 0 1999 
172 0 0 0 0 0 0 0 0 0 0 0 0 0 0 0 0 0 999 
86 0 0 0 0 0 0 0 0 0 0 0 0 0 0 0 0 0 1999 
214 0 0 0 0 0 0 0 0 0 0 0 0 0 0 0 0 0 999 
42 0 0 0 0 0 0 0 0 0 0 0 0 0 0 0 0 0 1999 
170 0 0 0 0 0 0 0 0 0 0 0 0 0 0 0 0 0 999 
0 129 135 0 0 0 0 0 0 0 0 0 0 0 0 0 0 0 1999 
128 129 135 0 0 0 0 0 0 0 0 0 0 0 0 0 0 0 999 
0 129 133 0 0 0 0 0 0 0 0 0 0 0 0 0 0 0 1999 
128 129 133 0 0 0 0 0 0 0 0 0 0 0 0 0 0 0 999 
125 0 0 0 0 0 0 0 0 0 0 0 0 0 0 0 0 0 1999 
253 0 0 0 0 0 0 0 0 0 0 0 0 0 0 0 0 0 999 
127 0 0 0 0 0 0 0 0 0 0 0 0 0 0 0 0 0 1999 
255 0 0 0 0 0 0 0 0 0 0 0 0 0 0 0 0 0 999 
29 0 0 0 0 0 0 0 0 0 0 0 0 0 0 0 0 0 1999 
157 0 0 0 0 0 0 0 0 0 0 0 0 0 0 0 0 0 999 
56 0 0 0 0 0 0 0 0 0 0 0 0 0 0 0 0 0 1999 
184 0 0 0 0 0 0 0 0 0 0 0 0 0 0 0 0 0 999 
57 0 0 0 0 0 0 0 0 0 0 0 0 0 0 0 0 0 1999 
185 0 0 0 0 0 0 0 0 0 0 0 0 0 0 0 0 0 999 
100 0 0 0 0 0 0 0 0 0 0 0 0 0 0 0 0 0 1999 
228 0 0 0 0 0 0 0 0 0 0 0 0 0 0 0 0 0 999 
97 0 0 0 0 0 0 0 0 0 0 0 0 0 0 0 0 0 1999 
225 0 0 0 0 0 0 0 0 0 0 0 0 0 0 0 0 0 999 
108 0 0 0 0 0 0 0 0 0 0 0 0 0 0 0 0 0 1999 
236 0 0 0 0 0 0 0 0 0 0 0 0 0 0 0 0 0 999 
82 0 0 0 0 0 0 0 0 0 0 0 0 0 0 0 0 0 1999 
210 0 0 0 0 0 0 0 0 0 0 0 0 0 0 0 0 0 999 
83 0 0 0 0 0 0 0 0 0 0 0 0 0 0 0 0 0 1999 
211 0 0 0 0 0 0 0 0 0 0 0 0 0 0 0 0 0 999 

