0 0 0 0 27 91 91 68 27 91 91 67 115 115 97 97 115 10 1999 
156 0 0 0 0 0 0 0 0 0 0 0 0 0 0 0 0 0 999 
0 129 183 0 0 0 0 0 0 0 0 0 0 0 0 0 0 0 1999 
128 129 183 0 0 0 0 0 0 0 0 0 0 0 0 0 0 0 999 
0 129 184 0 0 0 0 0 0 0 0 0 0 0 0 0 0 0 1999 
128 129 184 0 0 0 0 0 0 0 0 0 0 0 0 0 0 0 999 
0 129 185 0 0 0 0 0 0 0 0 0 0 0 0 0 0 0 1999 
128 129 185 0 0 0 0 0 0 0 0 0 0 0 0 0 0 0 999 
45 0 0 0 0 0 0 0 0 0 0 0 0 0 0 0 0 0 1999 
173 0 0 0 0 0 0 0 0 0 0 0 0 0 0 0 0 0 999 
45 0 0 0 0 0 0 0 0 0 0 0 0 0 0 0 0 0 1999 
173 0 0 0 0 0 0 0 0 0 0 0 0 0 0 0 0 0 999 
45 0 0 0 0 0 0 0 0 0 0 0 0 0 0 0 0 0 1999 
173 0 0 0 0 0 0 0 0 0 0 0 0 0 0 0 0 0 999 
45 0 0 0 0 0 0 0 0 0 0 0 0 0 0 0 0 0 1999 
173 0 0 0 0 0 0 0 0 0 0 0 0 0 0 0 0 0 999 
45 0 0 0 0 0 0 0 0 0 0 0 0 0 0 0 0 0 1999 
45 0 0 0 0 0 0 0 0 0 0 0 0 0 0 0 0 0 1999 
