1 0 0 0 0 0 0 0 0 0 0 0 0 0 0 0 0 0 1999 
129 0 0 0 0 0 0 0 0 0 0 0 0 0 0 0 0 0 999 
59 0 0 0 0 0 0 0 0 0 0 0 0 0 0 0 0 0 1999 
187 0 0 0 0 0 0 0 0 0 0 0 0 0 0 0 0 0 999 
60 0 0 0 0 0 0 0 0 0 0 0 0 0 0 0 0 0 1999 
188 0 0 0 0 0 0 0 0 0 0 0 0 0 0 0 0 0 999 
61 0 0 0 0 0 0 0 0 0 0 0 0 0 0 0 0 0 1999 
189 0 0 0 0 0 0 0 0 0 0 0 0 0 0 0 0 0 999 
62 0 0 0 0 0 0 0 0 0 0 0 0 0 0 0 0 0 1999 
190 0 0 0 0 0 0 0 0 0 0 0 0 0 0 0 0 0 999 
63 0 0 0 0 0 0 0 0 0 0 0 0 0 0 0 0 0 1999 
191 0 0 0 0 0 0 0 0 0 0 0 0 0 0 0 0 0 999 
64 0 0 0 0 0 0 0 0 0 0 0 0 0 0 0 0 0 1999 
192 0 0 0 0 0 0 0 0 0 0 0 0 0 0 0 0 0 999 
65 0 0 0 0 0 0 0 0 0 0 0 0 0 0 0 0 0 1999 
193 0 0 0 0 0 0 0 0 0 0 0 0 0 0 0 0 0 999 
66 0 0 0 0 0 0 0 0 0 0 0 0 0 0 0 0 0 1999 
194 0 0 0 0 0 0 0 0 0 0 0 0 0 0 0 0 0 999 
67 0 0 0 0 0 0 0 0 0 0 0 0 0 0 0 0 0 1999 
195 0 0 0 0 0 0 0 0 0 0 0 0 0 0 0 0 0 999 
68 0 0 0 0 0 0 0 0 0 0 0 0 0 0 0 0 0 1999 
196 0 0 0 0 0 0 0 0 0 0 0 0 0 0 0 0 0 999 
87 0 0 0 0 0 0 0 0 0 0 0 0 0 0 0 0 0 1999 
215 0 0 0 0 0 0 0 0 0 0 0 0 0 0 0 0 0 999 
88 0 0 0 0 0 0 0 0 0 0 0 0 0 0 0 0 0 1999 
216 0 0 0 0 0 0 0 0 0 0 0 0 0 0 0 0 0 999 
99 0 0 0 0 0 0 0 0 0 0 0 0 0 0 0 0 0 1999 
227 0 0 0 0 0 0 0 0 0 0 0 0 0 0 0 0 0 999 
70 0 0 0 0 0 0 0 0 0 0 0 0 0 0 0 0 0 1999 
198 0 0 0 0 0 0 0 0 0 0 0 0 0 0 0 0 0 999 
119 0 0 0 0 0 0 0 0 0 0 0 0 0 0 0 0 0 1999 
247 0 0 0 0 0 0 0 0 0 0 0 0 0 0 0 0 0 999 
45 0 0 0 0 0 0 0 0 0 0 0 0 0 0 0 0 0 1999 
45 0 0 0 0 0 0 0 0 0 0 0 0 0 0 0 0 0 1999 
