25 0 0 0 0 0 0 0 0 0 0 0 0 0 0 0 0 0 1999 
153 0 0 0 0 0 0 0 0 0 0 0 0 0 0 0 0 0 999 
24 0 0 0 0 0 0 0 0 0 0 0 0 0 0 0 0 0 1999 
152 0 0 0 0 0 0 0 0 0 0 0 0 0 0 0 0 0 999 
23 0 0 0 0 0 0 0 0 0 0 0 0 0 0 0 0 0 1999 
151 0 0 0 0 0 0 0 0 0 0 0 0 0 0 0 0 0 999 
25 0 0 0 0 0 0 0 0 0 0 0 0 0 0 0 0 0 1999 
153 0 0 0 0 0 0 0 0 0 0 0 0 0 0 0 0 0 999 
24 0 0 0 0 0 0 0 0 0 0 0 0 0 0 0 0 0 1999 
152 0 0 0 0 0 0 0 0 0 0 0 0 0 0 0 0 0 999 
23 0 0 0 0 0 0 0 0 0 0 0 0 0 0 0 0 0 1999 
151 0 0 0 0 0 0 0 0 0 0 0 0 0 0 0 0 0 999 
25 0 0 0 0 0 0 0 0 0 0 0 0 0 0 0 0 0 1999 
153 0 0 0 0 0 0 0 0 0 0 0 0 0 0 0 0 0 999 
24 0 0 0 0 0 0 0 0 0 0 0 0 0 0 0 0 0 1999 
152 0 0 0 0 0 0 0 0 0 0 0 0 0 0 0 0 0 999 
23 0 0 0 0 0 0 0 0 0 0 0 0 0 0 0 0 0 1999 
151 0 0 0 0 0 0 0 0 0 0 0 0 0 0 0 0 0 999 
25 0 0 0 0 0 0 0 0 0 0 0 0 0 0 0 0 0 1999 
153 0 0 0 0 0 0 0 0 0 0 0 0 0 0 0 0 0 999 
24 0 0 0 0 0 0 0 0 0 0 0 0 0 0 0 0 0 1999 
152 0 0 0 0 0 0 0 0 0 0 0 0 0 0 0 0 0 999 
23 0 0 0 0 0 0 0 0 0 0 0 0 0 0 0 0 0 1999 
151 0 0 0 0 0 0 0 0 0 0 0 0 0 0 0 0 0 999 
25 0 0 0 0 0 0 0 0 0 0 0 0 0 0 0 0 0 1999 
153 0 0 0 0 0 0 0 0 0 0 0 0 0 0 0 0 0 999 
24 0 0 0 0 0 0 0 0 0 0 0 0 0 0 0 0 0 1999 
152 0 0 0 0 0 0 0 0 0 0 0 0 0 0 0 0 0 999 
23 0 0 0 0 0 0 0 0 0 0 0 0 0 0 0 0 0 1999 
151 0 0 0 0 0 0 0 0 0 0 0 0 0 0 0 0 0 999 
25 0 0 0 0 0 0 0 0 0 0 0 0 0 0 0 0 0 1999 
153 0 0 0 0 0 0 0 0 0 0 0 0 0 0 0 0 0 999 
24 0 0 0 0 0 0 0 0 0 0 0 0 0 0 0 0 0 1999 
152 0 0 0 0 0 0 0 0 0 0 0 0 0 0 0 0 0 999 
23 0 0 0 0 0 0 0 0 0 0 0 0 0 0 0 0 0 1999 
151 0 0 0 0 0 0 0 0 0 0 0 0 0 0 0 0 0 999 
25 0 0 0 0 0 0 0 0 0 0 0 0 0 0 0 0 0 1999 
153 0 0 0 0 0 0 0 0 0 0 0 0 0 0 0 0 0 999 
24 0 0 0 0 0 0 0 0 0 0 0 0 0 0 0 0 0 1999 
152 0 0 0 0 0 0 0 0 0 0 0 0 0 0 0 0 0 999 
23 0 0 0 0 0 0 0 0 0 0 0 0 0 0 0 0 0 1999 
151 0 0 0 0 0 0 0 0 0 0 0 0 0 0 0 0 0 999 
25 0 0 0 0 0 0 0 0 0 0 0 0 0 0 0 0 0 1999 
153 0 0 0 0 0 0 0 0 0 0 0 0 0 0 0 0 0 999 
24 0 0 0 0 0 0 0 0 0 0 0 0 0 0 0 0 0 1999 
152 0 0 0 0 0 0 0 0 0 0 0 0 0 0 0 0 0 999 
23 0 0 0 0 0 0 0 0 0 0 0 0 0 0 0 0 0 1999 
151 0 0 0 0 0 0 0 0 0 0 0 0 0 0 0 0 0 999 
25 0 0 0 0 0 0 0 0 0 0 0 0 0 0 0 0 0 1999 
153 0 0 0 0 0 0 0 0 0 0 0 0 0 0 0 0 0 999 
24 0 0 0 0 0 0 0 0 0 0 0 0 0 0 0 0 0 1999 
152 0 0 0 0 0 0 0 0 0 0 0 0 0 0 0 0 0 999 
23 0 0 0 0 0 0 0 0 0 0 0 0 0 0 0 0 0 1999 
151 0 0 0 0 0 0 0 0 0 0 0 0 0 0 0 0 0 999 
25 0 0 0 0 0 0 0 0 0 0 0 0 0 0 0 0 0 1999 
153 0 0 0 0 0 0 0 0 0 0 0 0 0 0 0 0 0 999 
24 0 0 0 0 0 0 0 0 0 0 0 0 0 0 0 0 0 1999 
152 0 0 0 0 0 0 0 0 0 0 0 0 0 0 0 0 0 999 
23 0 0 0 0 0 0 0 0 0 0 0 0 0 0 0 0 0 1999 
151 0 0 0 0 0 0 0 0 0 0 0 0 0 0 0 0 0 999 
25 0 0 0 0 0 0 0 0 0 0 0 0 0 0 0 0 0 1999 
153 0 0 0 0 0 0 0 0 0 0 0 0 0 0 0 0 0 999 
24 0 0 0 0 0 0 0 0 0 0 0 0 0 0 0 0 0 1999 
152 0 0 0 0 0 0 0 0 0 0 0 0 0 0 0 0 0 999 
23 0 0 0 0 0 0 0 0 0 0 0 0 0 0 0 0 0 1999 
151 0 0 0 0 0 0 0 0 0 0 0 0 0 0 0 0 0 999 
25 0 0 0 0 0 0 0 0 0 0 0 0 0 0 0 0 0 1999 
153 0 0 0 0 0 0 0 0 0 0 0 0 0 0 0 0 0 999 
24 0 0 0 0 0 0 0 0 0 0 0 0 0 0 0 0 0 1999 
152 0 0 0 0 0 0 0 0 0 0 0 0 0 0 0 0 0 999 
23 0 0 0 0 0 0 0 0 0 0 0 0 0 0 0 0 0 1999 
151 0 0 0 0 0 0 0 0 0 0 0 0 0 0 0 0 0 999 
25 0 0 0 0 0 0 0 0 0 0 0 0 0 0 0 0 0 1999 
153 0 0 0 0 0 0 0 0 0 0 0 0 0 0 0 0 0 999 
24 0 0 0 0 0 0 0 0 0 0 0 0 0 0 0 0 0 1999 
152 0 0 0 0 0 0 0 0 0 0 0 0 0 0 0 0 0 999 
23 0 0 0 0 0 0 0 0 0 0 0 0 0 0 0 0 0 1999 
151 0 0 0 0 0 0 0 0 0 0 0 0 0 0 0 0 0 999 
25 0 0 0 0 0 0 0 0 0 0 0 0 0 0 0 0 0 1999 
153 0 0 0 0 0 0 0 0 0 0 0 0 0 0 0 0 0 999 
24 0 0 0 0 0 0 0 0 0 0 0 0 0 0 0 0 0 1999 
152 0 0 0 0 0 0 0 0 0 0 0 0 0 0 0 0 0 999 
23 0 0 0 0 0 0 0 0 0 0 0 0 0 0 0 0 0 1999 
151 0 0 0 0 0 0 0 0 0 0 0 0 0 0 0 0 0 999 
25 0 0 0 0 0 0 0 0 0 0 0 0 0 0 0 0 0 1999 
153 0 0 0 0 0 0 0 0 0 0 0 0 0 0 0 0 0 999 
24 0 0 0 0 0 0 0 0 0 0 0 0 0 0 0 0 0 1999 
152 0 0 0 0 0 0 0 0 0 0 0 0 0 0 0 0 0 999 
23 0 0 0 0 0 0 0 0 0 0 0 0 0 0 0 0 0 1999 
151 0 0 0 0 0 0 0 0 0 0 0 0 0 0 0 0 0 999 
25 0 0 0 0 0 0 0 0 0 0 0 0 0 0 0 0 0 1999 
153 0 0 0 0 0 0 0 0 0 0 0 0 0 0 0 0 0 999 
24 0 0 0 0 0 0 0 0 0 0 0 0 0 0 0 0 0 1999 
152 0 0 0 0 0 0 0 0 0 0 0 0 0 0 0 0 0 999 
23 0 0 0 0 0 0 0 0 0 0 0 0 0 0 0 0 0 1999 
151 0 0 0 0 0 0 0 0 0 0 0 0 0 0 0 0 0 999 
25 0 0 0 0 0 0 0 0 0 0 0 0 0 0 0 0 0 1999 
153 0 0 0 0 0 0 0 0 0 0 0 0 0 0 0 0 0 999 
24 0 0 0 0 0 0 0 0 0 0 0 0 0 0 0 0 0 1999 
152 0 0 0 0 0 0 0 0 0 0 0 0 0 0 0 0 0 999 
23 0 0 0 0 0 0 0 0 0 0 0 0 0 0 0 0 0 1999 
151 0 0 0 0 0 0 0 0 0 0 0 0 0 0 0 0 0 999 
25 0 0 0 0 0 0 0 0 0 0 0 0 0 0 0 0 0 1999 
153 0 0 0 0 0 0 0 0 0 0 0 0 0 0 0 0 0 999 
24 0 0 0 0 0 0 0 0 0 0 0 0 0 0 0 0 0 1999 
152 0 0 0 0 0 0 0 0 0 0 0 0 0 0 0 0 0 999 
23 0 0 0 0 0 0 0 0 0 0 0 0 0 0 0 0 0 1999 
151 0 0 0 0 0 0 0 0 0 0 0 0 0 0 0 0 0 999 
25 0 0 0 0 0 0 0 0 0 0 0 0 0 0 0 0 0 1999 
153 0 0 0 0 0 0 0 0 0 0 0 0 0 0 0 0 0 999 
24 0 0 0 0 0 0 0 0 0 0 0 0 0 0 0 0 0 1999 
152 0 0 0 0 0 0 0 0 0 0 0 0 0 0 0 0 0 999 
23 0 0 0 0 0 0 0 0 0 0 0 0 0 0 0 0 0 1999 
151 0 0 0 0 0 0 0 0 0 0 0 0 0 0 0 0 0 999 
25 0 0 0 0 0 0 0 0 0 0 0 0 0 0 0 0 0 1999 
153 0 0 0 0 0 0 0 0 0 0 0 0 0 0 0 0 0 999 
24 0 0 0 0 0 0 0 0 0 0 0 0 0 0 0 0 0 1999 
152 0 0 0 0 0 0 0 0 0 0 0 0 0 0 0 0 0 999 
23 0 0 0 0 0 0 0 0 0 0 0 0 0 0 0 0 0 1999 
151 0 0 0 0 0 0 0 0 0 0 0 0 0 0 0 0 0 999 
25 0 0 0 0 0 0 0 0 0 0 0 0 0 0 0 0 0 1999 
153 0 0 0 0 0 0 0 0 0 0 0 0 0 0 0 0 0 999 
24 0 0 0 0 0 0 0 0 0 0 0 0 0 0 0 0 0 1999 
152 0 0 0 0 0 0 0 0 0 0 0 0 0 0 0 0 0 999 
23 0 0 0 0 0 0 0 0 0 0 0 0 0 0 0 0 0 1999 
151 0 0 0 0 0 0 0 0 0 0 0 0 0 0 0 0 0 999 
25 0 0 0 0 0 0 0 0 0 0 0 0 0 0 0 0 0 1999 
153 0 0 0 0 0 0 0 0 0 0 0 0 0 0 0 0 0 999 
24 0 0 0 0 0 0 0 0 0 0 0 0 0 0 0 0 0 1999 
152 0 0 0 0 0 0 0 0 0 0 0 0 0 0 0 0 0 999 
23 0 0 0 0 0 0 0 0 0 0 0 0 0 0 0 0 0 1999 
151 0 0 0 0 0 0 0 0 0 0 0 0 0 0 0 0 0 999 
25 0 0 0 0 0 0 0 0 0 0 0 0 0 0 0 0 0 1999 
153 0 0 0 0 0 0 0 0 0 0 0 0 0 0 0 0 0 999 
24 0 0 0 0 0 0 0 0 0 0 0 0 0 0 0 0 0 1999 
152 0 0 0 0 0 0 0 0 0 0 0 0 0 0 0 0 0 999 
23 0 0 0 0 0 0 0 0 0 0 0 0 0 0 0 0 0 1999 
151 0 0 0 0 0 0 0 0 0 0 0 0 0 0 0 0 0 999 
25 0 0 0 0 0 0 0 0 0 0 0 0 0 0 0 0 0 1999 
153 0 0 0 0 0 0 0 0 0 0 0 0 0 0 0 0 0 999 
24 0 0 0 0 0 0 0 0 0 0 0 0 0 0 0 0 0 1999 
152 0 0 0 0 0 0 0 0 0 0 0 0 0 0 0 0 0 999 
23 0 0 0 0 0 0 0 0 0 0 0 0 0 0 0 0 0 1999 
151 0 0 0 0 0 0 0 0 0 0 0 0 0 0 0 0 0 999 
25 0 0 0 0 0 0 0 0 0 0 0 0 0 0 0 0 0 1999 
153 0 0 0 0 0 0 0 0 0 0 0 0 0 0 0 0 0 999 
24 0 0 0 0 0 0 0 0 0 0 0 0 0 0 0 0 0 1999 
152 0 0 0 0 0 0 0 0 0 0 0 0 0 0 0 0 0 999 
23 0 0 0 0 0 0 0 0 0 0 0 0 0 0 0 0 0 1999 
151 0 0 0 0 0 0 0 0 0 0 0 0 0 0 0 0 0 999 
25 0 0 0 0 0 0 0 0 0 0 0 0 0 0 0 0 0 1999 
153 0 0 0 0 0 0 0 0 0 0 0 0 0 0 0 0 0 999 
24 0 0 0 0 0 0 0 0 0 0 0 0 0 0 0 0 0 1999 
152 0 0 0 0 0 0 0 0 0 0 0 0 0 0 0 0 0 999 
23 0 0 0 0 0 0 0 0 0 0 0 0 0 0 0 0 0 1999 
151 0 0 0 0 0 0 0 0 0 0 0 0 0 0 0 0 0 999 
25 0 0 0 0 0 0 0 0 0 0 0 0 0 0 0 0 0 1999 
153 0 0 0 0 0 0 0 0 0 0 0 0 0 0 0 0 0 999 
24 0 0 0 0 0 0 0 0 0 0 0 0 0 0 0 0 0 1999 
152 0 0 0 0 0 0 0 0 0 0 0 0 0 0 0 0 0 999 
23 0 0 0 0 0 0 0 0 0 0 0 0 0 0 0 0 0 1999 
151 0 0 0 0 0 0 0 0 0 0 0 0 0 0 0 0 0 999 
25 0 0 0 0 0 0 0 0 0 0 0 0 0 0 0 0 0 1999 
153 0 0 0 0 0 0 0 0 0 0 0 0 0 0 0 0 0 999 
24 0 0 0 0 0 0 0 0 0 0 0 0 0 0 0 0 0 1999 
152 0 0 0 0 0 0 0 0 0 0 0 0 0 0 0 0 0 999 
23 0 0 0 0 0 0 0 0 0 0 0 0 0 0 0 0 0 1999 
151 0 0 0 0 0 0 0 0 0 0 0 0 0 0 0 0 0 999 
25 0 0 0 0 0 0 0 0 0 0 0 0 0 0 0 0 0 1999 
153 0 0 0 0 0 0 0 0 0 0 0 0 0 0 0 0 0 999 
24 0 0 0 0 0 0 0 0 0 0 0 0 0 0 0 0 0 1999 
152 0 0 0 0 0 0 0 0 0 0 0 0 0 0 0 0 0 999 
23 0 0 0 0 0 0 0 0 0 0 0 0 0 0 0 0 0 1999 
151 0 0 0 0 0 0 0 0 0 0 0 0 0 0 0 0 0 999 
25 0 0 0 0 0 0 0 0 0 0 0 0 0 0 0 0 0 1999 
153 0 0 0 0 0 0 0 0 0 0 0 0 0 0 0 0 0 999 
24 0 0 0 0 0 0 0 0 0 0 0 0 0 0 0 0 0 1999 
152 0 0 0 0 0 0 0 0 0 0 0 0 0 0 0 0 0 999 
23 0 0 0 0 0 0 0 0 0 0 0 0 0 0 0 0 0 1999 
151 0 0 0 0 0 0 0 0 0 0 0 0 0 0 0 0 0 999 
25 0 0 0 0 0 0 0 0 0 0 0 0 0 0 0 0 0 1999 
153 0 0 0 0 0 0 0 0 0 0 0 0 0 0 0 0 0 999 
24 0 0 0 0 0 0 0 0 0 0 0 0 0 0 0 0 0 1999 
152 0 0 0 0 0 0 0 0 0 0 0 0 0 0 0 0 0 999 
23 0 0 0 0 0 0 0 0 0 0 0 0 0 0 0 0 0 1999 
151 0 0 0 0 0 0 0 0 0 0 0 0 0 0 0 0 0 999 
25 0 0 0 0 0 0 0 0 0 0 0 0 0 0 0 0 0 1999 
153 0 0 0 0 0 0 0 0 0 0 0 0 0 0 0 0 0 999 
24 0 0 0 0 0 0 0 0 0 0 0 0 0 0 0 0 0 1999 
152 0 0 0 0 0 0 0 0 0 0 0 0 0 0 0 0 0 999 
23 0 0 0 0 0 0 0 0 0 0 0 0 0 0 0 0 0 1999 
151 0 0 0 0 0 0 0 0 0 0 0 0 0 0 0 0 0 999 
25 0 0 0 0 0 0 0 0 0 0 0 0 0 0 0 0 0 1999 
153 0 0 0 0 0 0 0 0 0 0 0 0 0 0 0 0 0 999 
24 0 0 0 0 0 0 0 0 0 0 0 0 0 0 0 0 0 1999 
152 0 0 0 0 0 0 0 0 0 0 0 0 0 0 0 0 0 999 
23 0 0 0 0 0 0 0 0 0 0 0 0 0 0 0 0 0 1999 
151 0 0 0 0 0 0 0 0 0 0 0 0 0 0 0 0 0 999 
25 0 0 0 0 0 0 0 0 0 0 0 0 0 0 0 0 0 1999 
153 0 0 0 0 0 0 0 0 0 0 0 0 0 0 0 0 0 999 
24 0 0 0 0 0 0 0 0 0 0 0 0 0 0 0 0 0 1999 
152 0 0 0 0 0 0 0 0 0 0 0 0 0 0 0 0 0 999 
23 0 0 0 0 0 0 0 0 0 0 0 0 0 0 0 0 0 1999 
151 0 0 0 0 0 0 0 0 0 0 0 0 0 0 0 0 0 999 
25 0 0 0 0 0 0 0 0 0 0 0 0 0 0 0 0 0 1999 
153 0 0 0 0 0 0 0 0 0 0 0 0 0 0 0 0 0 999 
24 0 0 0 0 0 0 0 0 0 0 0 0 0 0 0 0 0 1999 
152 0 0 0 0 0 0 0 0 0 0 0 0 0 0 0 0 0 999 
23 0 0 0 0 0 0 0 0 0 0 0 0 0 0 0 0 0 1999 
151 0 0 0 0 0 0 0 0 0 0 0 0 0 0 0 0 0 999 
25 0 0 0 0 0 0 0 0 0 0 0 0 0 0 0 0 0 1999 
153 0 0 0 0 0 0 0 0 0 0 0 0 0 0 0 0 0 999 
24 0 0 0 0 0 0 0 0 0 0 0 0 0 0 0 0 0 1999 
152 0 0 0 0 0 0 0 0 0 0 0 0 0 0 0 0 0 999 
23 0 0 0 0 0 0 0 0 0 0 0 0 0 0 0 0 0 1999 
151 0 0 0 0 0 0 0 0 0 0 0 0 0 0 0 0 0 999 
25 0 0 0 0 0 0 0 0 0 0 0 0 0 0 0 0 0 1999 
153 0 0 0 0 0 0 0 0 0 0 0 0 0 0 0 0 0 999 
24 0 0 0 0 0 0 0 0 0 0 0 0 0 0 0 0 0 1999 
152 0 0 0 0 0 0 0 0 0 0 0 0 0 0 0 0 0 999 
23 0 0 0 0 0 0 0 0 0 0 0 0 0 0 0 0 0 1999 
151 0 0 0 0 0 0 0 0 0 0 0 0 0 0 0 0 0 999 
25 0 0 0 0 0 0 0 0 0 0 0 0 0 0 0 0 0 1999 
153 0 0 0 0 0 0 0 0 0 0 0 0 0 0 0 0 0 999 
24 0 0 0 0 0 0 0 0 0 0 0 0 0 0 0 0 0 1999 
152 0 0 0 0 0 0 0 0 0 0 0 0 0 0 0 0 0 999 
23 0 0 0 0 0 0 0 0 0 0 0 0 0 0 0 0 0 1999 
151 0 0 0 0 0 0 0 0 0 0 0 0 0 0 0 0 0 999 
25 0 0 0 0 0 0 0 0 0 0 0 0 0 0 0 0 0 1999 
153 0 0 0 0 0 0 0 0 0 0 0 0 0 0 0 0 0 999 
24 0 0 0 0 0 0 0 0 0 0 0 0 0 0 0 0 0 1999 
152 0 0 0 0 0 0 0 0 0 0 0 0 0 0 0 0 0 999 
23 0 0 0 0 0 0 0 0 0 0 0 0 0 0 0 0 0 1999 
151 0 0 0 0 0 0 0 0 0 0 0 0 0 0 0 0 0 999 
25 0 0 0 0 0 0 0 0 0 0 0 0 0 0 0 0 0 1999 
153 0 0 0 0 0 0 0 0 0 0 0 0 0 0 0 0 0 999 
24 0 0 0 0 0 0 0 0 0 0 0 0 0 0 0 0 0 1999 
152 0 0 0 0 0 0 0 0 0 0 0 0 0 0 0 0 0 999 
23 0 0 0 0 0 0 0 0 0 0 0 0 0 0 0 0 0 1999 
151 0 0 0 0 0 0 0 0 0 0 0 0 0 0 0 0 0 999 
25 0 0 0 0 0 0 0 0 0 0 0 0 0 0 0 0 0 1999 
153 0 0 0 0 0 0 0 0 0 0 0 0 0 0 0 0 0 999 
24 0 0 0 0 0 0 0 0 0 0 0 0 0 0 0 0 0 1999 
152 0 0 0 0 0 0 0 0 0 0 0 0 0 0 0 0 0 999 
23 0 0 0 0 0 0 0 0 0 0 0 0 0 0 0 0 0 1999 
151 0 0 0 0 0 0 0 0 0 0 0 0 0 0 0 0 0 999 
25 0 0 0 0 0 0 0 0 0 0 0 0 0 0 0 0 0 1999 
153 0 0 0 0 0 0 0 0 0 0 0 0 0 0 0 0 0 999 
24 0 0 0 0 0 0 0 0 0 0 0 0 0 0 0 0 0 1999 
152 0 0 0 0 0 0 0 0 0 0 0 0 0 0 0 0 0 999 
23 0 0 0 0 0 0 0 0 0 0 0 0 0 0 0 0 0 1999 
151 0 0 0 0 0 0 0 0 0 0 0 0 0 0 0 0 0 999 
25 0 0 0 0 0 0 0 0 0 0 0 0 0 0 0 0 0 1999 
153 0 0 0 0 0 0 0 0 0 0 0 0 0 0 0 0 0 999 
24 0 0 0 0 0 0 0 0 0 0 0 0 0 0 0 0 0 1999 
152 0 0 0 0 0 0 0 0 0 0 0 0 0 0 0 0 0 999 
23 0 0 0 0 0 0 0 0 0 0 0 0 0 0 0 0 0 1999 
151 0 0 0 0 0 0 0 0 0 0 0 0 0 0 0 0 0 999 
25 0 0 0 0 0 0 0 0 0 0 0 0 0 0 0 0 0 1999 
153 0 0 0 0 0 0 0 0 0 0 0 0 0 0 0 0 0 999 
24 0 0 0 0 0 0 0 0 0 0 0 0 0 0 0 0 0 1999 
152 0 0 0 0 0 0 0 0 0 0 0 0 0 0 0 0 0 999 
23 0 0 0 0 0 0 0 0 0 0 0 0 0 0 0 0 0 1999 
151 0 0 0 0 0 0 0 0 0 0 0 0 0 0 0 0 0 999 
25 0 0 0 0 0 0 0 0 0 0 0 0 0 0 0 0 0 1999 
153 0 0 0 0 0 0 0 0 0 0 0 0 0 0 0 0 0 999 
24 0 0 0 0 0 0 0 0 0 0 0 0 0 0 0 0 0 1999 
152 0 0 0 0 0 0 0 0 0 0 0 0 0 0 0 0 0 999 
23 0 0 0 0 0 0 0 0 0 0 0 0 0 0 0 0 0 1999 
151 0 0 0 0 0 0 0 0 0 0 0 0 0 0 0 0 0 999 
25 0 0 0 0 0 0 0 0 0 0 0 0 0 0 0 0 0 1999 
153 0 0 0 0 0 0 0 0 0 0 0 0 0 0 0 0 0 999 
24 0 0 0 0 0 0 0 0 0 0 0 0 0 0 0 0 0 1999 
152 0 0 0 0 0 0 0 0 0 0 0 0 0 0 0 0 0 999 
23 0 0 0 0 0 0 0 0 0 0 0 0 0 0 0 0 0 1999 
151 0 0 0 0 0 0 0 0 0 0 0 0 0 0 0 0 0 999 
25 0 0 0 0 0 0 0 0 0 0 0 0 0 0 0 0 0 1999 
153 0 0 0 0 0 0 0 0 0 0 0 0 0 0 0 0 0 999 
24 0 0 0 0 0 0 0 0 0 0 0 0 0 0 0 0 0 1999 
152 0 0 0 0 0 0 0 0 0 0 0 0 0 0 0 0 0 999 
23 0 0 0 0 0 0 0 0 0 0 0 0 0 0 0 0 0 1999 
151 0 0 0 0 0 0 0 0 0 0 0 0 0 0 0 0 0 999 
25 0 0 0 0 0 0 0 0 0 0 0 0 0 0 0 0 0 1999 
153 0 0 0 0 0 0 0 0 0 0 0 0 0 0 0 0 0 999 
24 0 0 0 0 0 0 0 0 0 0 0 0 0 0 0 0 0 1999 
152 0 0 0 0 0 0 0 0 0 0 0 0 0 0 0 0 0 999 
23 0 0 0 0 0 0 0 0 0 0 0 0 0 0 0 0 0 1999 
151 0 0 0 0 0 0 0 0 0 0 0 0 0 0 0 0 0 999 
25 0 0 0 0 0 0 0 0 0 0 0 0 0 0 0 0 0 1999 
153 0 0 0 0 0 0 0 0 0 0 0 0 0 0 0 0 0 999 
24 0 0 0 0 0 0 0 0 0 0 0 0 0 0 0 0 0 1999 
152 0 0 0 0 0 0 0 0 0 0 0 0 0 0 0 0 0 999 
23 0 0 0 0 0 0 0 0 0 0 0 0 0 0 0 0 0 1999 
151 0 0 0 0 0 0 0 0 0 0 0 0 0 0 0 0 0 999 
25 0 0 0 0 0 0 0 0 0 0 0 0 0 0 0 0 0 1999 
153 0 0 0 0 0 0 0 0 0 0 0 0 0 0 0 0 0 999 
24 0 0 0 0 0 0 0 0 0 0 0 0 0 0 0 0 0 1999 
152 0 0 0 0 0 0 0 0 0 0 0 0 0 0 0 0 0 999 
23 0 0 0 0 0 0 0 0 0 0 0 0 0 0 0 0 0 1999 
151 0 0 0 0 0 0 0 0 0 0 0 0 0 0 0 0 0 999 
25 0 0 0 0 0 0 0 0 0 0 0 0 0 0 0 0 0 1999 
153 0 0 0 0 0 0 0 0 0 0 0 0 0 0 0 0 0 999 
24 0 0 0 0 0 0 0 0 0 0 0 0 0 0 0 0 0 1999 
152 0 0 0 0 0 0 0 0 0 0 0 0 0 0 0 0 0 999 
23 0 0 0 0 0 0 0 0 0 0 0 0 0 0 0 0 0 1999 
151 0 0 0 0 0 0 0 0 0 0 0 0 0 0 0 0 0 999 
25 0 0 0 0 0 0 0 0 0 0 0 0 0 0 0 0 0 1999 
153 0 0 0 0 0 0 0 0 0 0 0 0 0 0 0 0 0 999 
24 0 0 0 0 0 0 0 0 0 0 0 0 0 0 0 0 0 1999 
152 0 0 0 0 0 0 0 0 0 0 0 0 0 0 0 0 0 999 
23 0 0 0 0 0 0 0 0 0 0 0 0 0 0 0 0 0 1999 
151 0 0 0 0 0 0 0 0 0 0 0 0 0 0 0 0 0 999 
25 0 0 0 0 0 0 0 0 0 0 0 0 0 0 0 0 0 1999 
153 0 0 0 0 0 0 0 0 0 0 0 0 0 0 0 0 0 999 
24 0 0 0 0 0 0 0 0 0 0 0 0 0 0 0 0 0 1999 
152 0 0 0 0 0 0 0 0 0 0 0 0 0 0 0 0 0 999 
23 0 0 0 0 0 0 0 0 0 0 0 0 0 0 0 0 0 1999 
151 0 0 0 0 0 0 0 0 0 0 0 0 0 0 0 0 0 999 
25 0 0 0 0 0 0 0 0 0 0 0 0 0 0 0 0 0 1999 
153 0 0 0 0 0 0 0 0 0 0 0 0 0 0 0 0 0 999 
24 0 0 0 0 0 0 0 0 0 0 0 0 0 0 0 0 0 1999 
152 0 0 0 0 0 0 0 0 0 0 0 0 0 0 0 0 0 999 
23 0 0 0 0 0 0 0 0 0 0 0 0 0 0 0 0 0 1999 
151 0 0 0 0 0 0 0 0 0 0 0 0 0 0 0 0 0 999 
25 0 0 0 0 0 0 0 0 0 0 0 0 0 0 0 0 0 1999 
153 0 0 0 0 0 0 0 0 0 0 0 0 0 0 0 0 0 999 
24 0 0 0 0 0 0 0 0 0 0 0 0 0 0 0 0 0 1999 
152 0 0 0 0 0 0 0 0 0 0 0 0 0 0 0 0 0 999 
23 0 0 0 0 0 0 0 0 0 0 0 0 0 0 0 0 0 1999 
151 0 0 0 0 0 0 0 0 0 0 0 0 0 0 0 0 0 999 
25 0 0 0 0 0 0 0 0 0 0 0 0 0 0 0 0 0 1999 
153 0 0 0 0 0 0 0 0 0 0 0 0 0 0 0 0 0 999 
24 0 0 0 0 0 0 0 0 0 0 0 0 0 0 0 0 0 1999 
152 0 0 0 0 0 0 0 0 0 0 0 0 0 0 0 0 0 999 
23 0 0 0 0 0 0 0 0 0 0 0 0 0 0 0 0 0 1999 
151 0 0 0 0 0 0 0 0 0 0 0 0 0 0 0 0 0 999 
45 0 0 0 0 0 0 0 0 0 0 0 0 0 0 0 0 0 1999 
45 0 0 0 0 0 0 0 0 0 0 0 0 0 0 0 0 0 1999 
